TITLE = "Cavity Iterative Residual History"
variables="Iteration""Time(s)""Res1""Res2""Res3"
1 2.441406e-03 4.699928e+00 1.542063e+01 2.415509e+01
10 1.480181e-02 1.933771e+01 3.153215e+01 4.413322e+01
20 2.320021e-02 6.292483e+01 7.946208e+01 9.748358e+01
30 2.993549e-02 3.045461e+02 3.153019e+02 3.294122e+02
40 3.516129e-02 5.092750e+02 5.368052e+02 5.798853e+02
50 3.855057e-02 2.196068e+03 2.285150e+03 2.389755e+03
60 3.984621e-02 9.146123e+04 9.165278e+04 9.191100e+04
70 4.022052e-02 1.712023e+06 1.712276e+06 1.713004e+06
80 4.030203e-02 3.073075e+07 3.073173e+07 3.073423e+07
90 4.034122e-02 4.579562e+08 4.579597e+08 4.579670e+08
100 4.035598e-02 2.196548e+10 2.196549e+10 2.196550e+10
110 4.036071e-02 4.662329e+11 4.662330e+11 4.662330e+11
120 4.036196e-02 1.221984e+13 1.221984e+13 1.221984e+13
130 4.036244e-02 5.422077e+14 5.422077e+14 5.422077e+14
140 4.036262e-02 7.589586e+15 7.589586e+15 7.589586e+15
150 4.036268e-02 8.038671e+17 8.038671e+17 8.038671e+17
160 4.036269e-02 1.928065e+19 1.928065e+19 1.928065e+19
170 4.036270e-02 4.984667e+20 4.984667e+20 4.984667e+20
180 4.036270e-02 3.711219e+22 3.711219e+22 3.711219e+22
190 4.036270e-02 9.354438e+23 9.354438e+23 9.354438e+23
200 4.036270e-02 3.045113e+25 3.045113e+25 3.045113e+25
210 4.036270e-02 1.014145e+27 1.014145e+27 1.014145e+27
220 4.036270e-02 4.055181e+28 4.055181e+28 4.055181e+28
230 4.036270e-02 2.016087e+30 2.016087e+30 2.016087e+30
240 4.036270e-02 7.834738e+31 7.834738e+31 7.834738e+31
250 4.036270e-02 3.120679e+33 3.120679e+33 3.120679e+33
260 4.036270e-02 1.076757e+35 1.076757e+35 1.076757e+35
270 4.036270e-02 4.389861e+36 4.389861e+36 4.389861e+36
280 4.036270e-02 1.641886e+38 1.641886e+38 1.641886e+38
290 4.036270e-02 1.000583e+40 1.000583e+40 1.000583e+40
300 4.036270e-02 8.365526e+41 8.365526e+41 8.365526e+41
310 4.036270e-02 4.570091e+43 4.570091e+43 4.570091e+43
320 4.036270e-02 3.345221e+46 3.345221e+46 3.345221e+46
330 4.036270e-02 4.137956e+47 4.137956e+47 4.137956e+47
340 4.036270e-02 9.134500e+48 9.134500e+48 9.134500e+48
350 4.036270e-02 4.123171e+50 4.123171e+50 4.123171e+50
360 4.036270e-02 1.181746e+52 1.181746e+52 1.181746e+52
370 4.036270e-02 5.233249e+53 5.233249e+53 5.233249e+53
380 4.036270e-02 2.462260e+55 2.462260e+55 2.462260e+55
390 4.036270e-02 1.952401e+57 1.952401e+57 1.952401e+57
400 4.036270e-02 9.015137e+58 9.015137e+58 9.015137e+58
410 4.036270e-02 3.292645e+60 3.292645e+60 3.292645e+60
420 4.036270e-02 1.482628e+62 1.482628e+62 1.482628e+62
430 4.036270e-02 1.151073e+64 1.151073e+64 1.151073e+64
440 4.036270e-02 4.374147e+65 4.374147e+65 4.374147e+65
450 4.036270e-02 1.228507e+67 1.228507e+67 1.228507e+67
460 4.036270e-02 4.034671e+68 4.034671e+68 4.034671e+68
470 4.036270e-02 1.525689e+70 1.525689e+70 1.525689e+70
480 4.036270e-02 3.692261e+71 3.692261e+71 3.692261e+71
490 4.036270e-02 1.115016e+73 1.115016e+73 1.115016e+73
500 4.036270e-02 9.183284e+74 9.183284e+74 9.183284e+74
510 4.036270e-02 2.909495e+76 2.909495e+76 2.909495e+76
520 4.036270e-02 4.805842e+77 4.805842e+77 4.805842e+77
530 4.036270e-02 6.920612e+78 6.920612e+78 6.920612e+78
540 4.036270e-02 3.358868e+80 3.358868e+80 3.358868e+80
550 4.036270e-02 1.145679e+82 1.145679e+82 1.145679e+82
560 4.036270e-02 2.384050e+83 2.384050e+83 2.384050e+83
570 4.036270e-02 1.055017e+85 1.055017e+85 1.055017e+85
580 4.036270e-02 2.438593e+86 2.438593e+86 2.438593e+86
590 4.036270e-02 4.551254e+87 4.551254e+87 4.551254e+87
600 4.036270e-02 1.702928e+89 1.702928e+89 1.702928e+89
610 4.036270e-02 5.276982e+90 5.276982e+90 5.276982e+90
620 4.036270e-02 2.041011e+92 2.041011e+92 2.041011e+92
630 4.036270e-02 6.460405e+93 6.460405e+93 6.460405e+93
640 4.036270e-02 2.750990e+95 2.750990e+95 2.750990e+95
650 4.036270e-02 7.657659e+96 7.657659e+96 7.657659e+96
660 4.036270e-02 2.946974e+98 2.946974e+98 2.946974e+98
670 4.036270e-02 1.586853e+100 1.586853e+100 1.586853e+100
680 4.036270e-02 2.899875e+101 2.899875e+101 2.899875e+101
690 4.036270e-02 1.677975e+103 1.677975e+103 1.677975e+103
700 4.036270e-02 2.197943e+104 2.197943e+104 2.197943e+104
710 4.036270e-02 1.032664e+106 1.032664e+106 1.032664e+106
720 4.036270e-02 4.732780e+107 4.732780e+107 4.732780e+107
730 4.036270e-02 2.391852e+109 2.391852e+109 2.391852e+109
740 4.036270e-02 1.137898e+111 1.137898e+111 1.137898e+111
750 4.036270e-02 4.162927e+112 4.162927e+112 4.162927e+112
760 4.036270e-02 1.336781e+114 1.336781e+114 1.336781e+114
770 4.036270e-02 8.470789e+115 8.470789e+115 8.470789e+115
780 4.036270e-02 3.778129e+117 3.778129e+117 3.778129e+117
790 4.036270e-02 1.363065e+119 1.363065e+119 1.363065e+119
800 4.036270e-02 6.919512e+120 6.919512e+120 6.919512e+120
810 4.036270e-02 1.776267e+122 1.776267e+122 1.776267e+122
820 4.036270e-02 6.165912e+123 6.165912e+123 6.165912e+123
830 4.036270e-02 2.305645e+125 2.305645e+125 2.305645e+125
840 4.036270e-02 7.271285e+126 7.271285e+126 7.271285e+126
850 4.036270e-02 3.105516e+128 3.105516e+128 3.105516e+128
860 4.036270e-02 7.963558e+129 7.963558e+129 7.963558e+129
870 4.036270e-02 2.482668e+131 2.482668e+131 2.482668e+131
880 4.036270e-02 4.904939e+132 4.904939e+132 4.904939e+132
890 4.036270e-02 3.013839e+134 3.013839e+134 3.013839e+134
900 4.036270e-02 1.128970e+136 1.128970e+136 1.128970e+136
910 4.036270e-02 4.053146e+137 4.053146e+137 4.053146e+137
920 4.036270e-02 2.084174e+139 2.084174e+139 2.084174e+139
930 4.036270e-02 5.308221e+140 5.308221e+140 5.308221e+140
940 4.036270e-02 9.862859e+141 9.862859e+141 9.862859e+141
950 4.036270e-02 2.331009e+143 2.331009e+143 2.331009e+143
960 4.036270e-02 5.418720e+144 5.418720e+144 5.418720e+144
970 4.036270e-02 1.265038e+146 1.265038e+146 1.265038e+146
980 4.036270e-02 5.913850e+147 5.913850e+147 5.913850e+147
990 4.036270e-02 1.878895e+149 1.878895e+149 1.878895e+149
1000 4.036270e-02 5.129927e+150 5.129927e+150 5.129927e+150
1010 4.036270e-02 3.235604e+152 3.235604e+152 3.235604e+152
1020 4.036270e-02 Inf Inf Inf
1030 4.036270e-02 Inf Inf Inf
1040 4.036270e-02 Inf Inf Inf
1050 4.036270e-02 Inf Inf Inf
1060 4.036270e-02 Inf Inf Inf
1070 4.036270e-02 Inf Inf Inf
1080 4.036270e-02 Inf Inf Inf
1090 4.036270e-02 Inf Inf Inf
1100 4.036270e-02 Inf Inf Inf
1110 4.036270e-02 Inf Inf Inf
1120 4.036270e-02 Inf Inf Inf
1130 4.036270e-02 Inf Inf Inf
1140 4.036270e-02 Inf Inf Inf
1150 4.036270e-02 Inf Inf Inf
1160 4.036270e-02 Inf Inf Inf
1170 4.036270e-02 Inf Inf Inf
1180 4.036270e-02 Inf Inf Inf
1190 4.036270e-02 Inf Inf Inf
1200 4.036270e-02 Inf Inf Inf
1210 4.036270e-02 Inf Inf Inf
1220 4.036270e-02 Inf Inf Inf
1230 4.036270e-02 Inf Inf Inf
1240 4.036270e-02 Inf Inf Inf
1250 4.036270e-02 Inf Inf Inf
1260 4.036270e-02 Inf Inf Inf
1270 4.036270e-02 Inf Inf Inf
1280 4.036270e-02 Inf Inf Inf
1290 4.036270e-02 Inf Inf Inf
1300 4.036270e-02 Inf Inf Inf
1310 4.036270e-02 Inf Inf Inf
1320 4.036270e-02 Inf Inf Inf
1330 4.036270e-02 Inf Inf Inf
1340 4.036270e-02 Inf Inf Inf
1350 4.036270e-02 Inf Inf Inf
1360 4.036270e-02 Inf Inf Inf
1370 4.036270e-02 Inf Inf Inf
1380 4.036270e-02 Inf Inf Inf
1390 4.036270e-02 Inf Inf Inf
1400 4.036270e-02 Inf Inf Inf
1410 4.036270e-02 Inf Inf Inf
1420 4.036270e-02 Inf Inf Inf
1430 4.036270e-02 Inf Inf Inf
1440 4.036270e-02 Inf Inf Inf
1450 4.036270e-02 Inf Inf Inf
1460 4.036270e-02 Inf Inf Inf
1470 4.036270e-02 Inf Inf Inf
1480 4.036270e-02 Inf Inf Inf
1490 4.036270e-02 Inf Inf Inf
1500 4.036270e-02 Inf Inf Inf
1510 4.036270e-02 Inf Inf Inf
1520 4.036270e-02 Inf Inf Inf
1530 4.036270e-02 Inf Inf Inf
1540 4.036270e-02 Inf Inf Inf
1550 4.036270e-02 Inf Inf Inf
1560 4.036270e-02 Inf Inf Inf
1570 4.036270e-02 Inf Inf Inf
1580 4.036270e-02 Inf Inf Inf
1590 4.036270e-02 Inf Inf Inf
1600 4.036270e-02 Inf Inf Inf
1610 4.036270e-02 Inf Inf Inf
1620 4.036270e-02 Inf Inf Inf
1630 4.036270e-02 Inf Inf Inf
1640 4.036270e-02 Inf Inf Inf
